2,84
2,83
2,82
2,81
2,80
2,79
2,78
2,77
2,76
2,75
2,74
2,73
2,72
2,71
2,70
2,69
2,68
2,67
2,66
2,65
2,64
2,35
2,34
2,33
2,32
2,31
2,30
2,29
2,28
2,27
2,26
2,25
2,24
2,23
2,22
2,21
2,20
2,19
2,18
2,17
2,16
2,15
2,14
2,13
2,12
2,11
2,10
2,9
2,8
2,7
2,6
2,5
2,4
2,3
2,2
2,1
2,0
1,5
1,4
1,3
1,2
1,1
1,0
0,470
0,462
0,461
0,458
0,457
0,456
0,454
0,451
0,449
0,448
0,447
0,445
0,443
0,425
0,424
0,420
0,418
0,415
0,413
0,411
0,398
0,395
0,390
0,379
0,374
0,371
0,358
0,349
0,322
0,318
0,243
0,9
0,310
0,305
0,471
0,455
0,450
0,446
0,442
0,453
0,459
0,460
0,308
0,304
0,303
0,302
0,307
0,444
0,12
0,357
0,10
0,452
0,8
0,0
0,440
0,300
0,439
0,299
0,438
0,298
0,437
0,297
0,436
0,296
0,435
0,295
0,434
0,294
0,433
0,293
0,432
0,292
0,431
0,291
0,430
0,290
0,429
0,289
0,428
0,288
0,427
0,287
0,426
0,286
0,463
0,285
0,477
0,284
0,423
0,283
0,422
0,282
0,421
0,281
0,476
0,280
0,419
0,279
0,468
0,278
0,417
0,277
0,416
0,276
0,474
0,275
0,414
0,274
0,467
0,273
2,85
2,86
3,0
3,1
3,3
3,4
3,6
4,1
4,2
5,0
5,1
5,3
5,5
5,6
6,0
6,1
6,3
6,4
7,1
7,3
7,4
7,6
7,7
7,9
8,1
8,2
8,4
8,5
9,0
9,1
9,3
9,5
9,6
10,0
10,1
10,3
11,0
11,1
11,3
11,4
11,6
12,0
12,2
12,4
13,0
13,2
13,3
13,5
13,7
13,8
14,1
14,2
14,4
14,6
14,7
15,1
15,2
15,4
15,5
16,1
16,3
16,4
16,6
16,7
17,1
17,3
17,4
17,6
17,7
17,9
18,0
18,2
18,4
18,5
19,1
19,2
19,4
20,1
20,2
20,4
21,0
21,2
21,3
21,5
22,1
22,2
22,4
22,5
23,1
23,3
23,4
24,0
24,1
24,3
24,5
24,6
24,8
24,9
24,11
24,12
24,14
25,0
25,1
25,3
25,4
26,1
26,3
26,4
26,6
26,7
27,0
27,1
27,3
28,1
28,2
28,4
29,0
29,2
29,4
29,5
30,0
30,1
30,3
30,4
30,6
31,0
31,1
31,3
31,4
31,6
32,1
32,2
32,4
32,5
32,7
33,0
33,2
33,4
33,5
34,1
34,2
34,4
35,0
35,1
35,3
35,4
35,6
36,1
36,2
36,4
36,5
37,1
37,2
37,4
37,6
38,0
38,2
38,3
38,5
39,0
39,1
39,3
39,4
39,6
40,0
40,2
40,4
41,0
41,2
41,3
42,0
42,2
42,3
42,5
42,6
42,8
43,0
43,2
43,4
43,5
43,7
43,8
43,10
43,12
43,13
43,15
43,16
43,18
44,1
44,2
44,4
44,5
45,1
45,2
45,4
45,6
46,0
46,2
46,3
47,0
47,2
47,3
48,0
48,1
48,3
48,4
48,6
48,8
49,0
49,2
49,3
49,5
50,0
50,1
50,3
50,4
50,6
51,0
51,2
51,4
51,5
52,0
52,1
52,3
52,5
52,6
53,0
53,1
53,3
53,4
53,6
54,0
54,1
54,3
54,4
54,6
55,0
55,1
55,3
55,4
55,6
55,8
56,0
56,2
56,3
56,5
57,0
57,2
57,4
57,5
58,0
58,1
58,3
59,1
59,2
59,4
59,5
60,0
60,1
60,3
60,5
60,6
61,1
61,2
61,4
61,6
62,0
62,2
62,3
62,5
62,6
63,1
63,3
63,4
63,6
64,0
64,2
64,4
64,5
64,7
64,8
64,10
65,1
65,2
65,4
65,5
65,7
65,8
65,10
65,12
65,13
65,15
65,16
66,1
66,3
66,4
66,6
67,0
67,2
67,3
67,5
68,1
68,2
69,0
69,1
69,3
70,1
70,2
70,4
71,0
71,2
71,3
71,5
71,7
72,0
72,2
72,3
72,5
72,7
72,8
73,0
73,1
73,3
74,0
74,1
74,3
74,4
75,1
75,2
75,4
76,1
76,2
76,4
76,5
76,7
77,1
77,2
77,4
77,5
78,0
78,1
78,3
79,0
79,1
79,3
80,0
80,2
81,0
81,1
81,3
81,4
82,1
82,2
83,0
83,2
83,3
84,0
84,1
84,3
85,0
85,1
85,3
85,4
86,1
86,2
86,4
87,1
87,2
88,0
88,1
88,3
89,1
89,2
89,4
90,0
90,2
90,4
91,0
91,2
91,3
92,0
92,1
92,3
93,0
93,1
93,3
93,4
94,1
94,3
94,4
95,1
95,2
95,4
95,5
96,1
96,3
96,4
96,6
96,7
97,1
97,3
97,4
97,6
98,0
98,2
98,3
98,5
99,1
99,2
99,4
99,5
99,7
99,9
99,10
100,0
100,1
100,3
100,5
100,6
100,8
100,9
101,1
101,2
101,4
101,6
101,7
101,9
102,0
102,2
102,4
102,5
102,7
102,8
103,0
103,1
103,3
103,5
103,6
103,8
103,9
103,11
104,1
104,2
104,4
104,5
104,7
104,8
104,10
104,12
105,0
105,2
105,3
106,0
106,2
106,3
106,5
106,6
107,1
107,2
108,0
108,2
108,3
108,5
109,0
109,2
109,4
109,5
109,7
110,0
110,2
110,4
111,0
111,2
111,3
111,5
111,6
112,0
112,2
112,3
112,5
113,0
113,2
113,4
113,5
114,1
114,2
114,4
114,5
115,0
115,2
115,3
115,5
116,0
116,2
116,4
117,0
117,2
117,3
117,5
117,6
118,1
118,3
118,4
119,0
119,1
119,3
120,0
120,1
120,3
120,4
121,0
121,2
121,3
121,5
122,0
122,2
122,3
123,1
123,3
123,4
124,0
124,1
124,3
124,5
125,0
125,2
125,3
125,5
126,0
126,2
126,4
126,5
127,1
127,2
127,4
128,1
128,2
129,0
129,1
129,3
129,4
129,6
129,8
129,9
130,0
130,1
130,3
130,5
131,0
131,2
131,3
131,5
132,0
132,2
133,0
133,1
133,3
134,0
134,2
135,0
135,1
135,3
135,4
136,1
136,3
136,4
137,1
137,2
137,4
137,5
138,0
138,2
138,3
138,5
138,6
139,1
139,3
139,4
140,0
140,1
140,3
140,4
141,1
141,3
141,4
141,6
141,7
142,0
142,2
142,3
143,0
143,1
143,3
143,4
144,0
144,2
144,3
144,5
144,6
144,8
145,1
145,2
145,4
145,5
146,1
146,3
146,4
147,1
147,2
147,4
147,5
148,0
148,2
148,3
149,1
149,2
150,0
150,2
150,3
150,5
150,6
151,0
151,1
151,3
151,5
152,0
152,2
152,3
152,5
153,0
153,1
153,3
154,0
154,2
154,3
154,5
155,1
155,2
155,4
155,5
155,7
156,1
156,2
156,4
156,5
157,1
157,3
158,0
158,2
158,3
158,5
158,6
159,0
159,2
159,3
159,5
159,6
160,1
160,3
160,4
161,1
161,2
161,4
161,5
162,0
162,2
162,3
162,5
162,6
163,1
163,3
163,4
164,1
164,2
164,4
164,5
164,7
165,1
165,2
165,4
165,5
166,0
166,2
166,3
166,5
166,6
167,0
167,1
167,3
168,0
168,1
168,3
168,4
169,0
169,2
169,3
170,0
170,1
170,3
170,5
170,6
171,1
171,2
171,4
171,5
172,0
172,2
172,3
172,5
172,6
173,1
173,3
173,4
174,1
174,2
174,4
174,5
175,0
175,2
175,3
176,0
176,1
176,3
176,5
177,0
177,2
177,3
177,5
178,0
178,2
178,4
179,0
179,2
179,3
179,5
180,1
180,2
180,4
181,0
181,2
181,4
181,5
182,1
182,2
182,4
183,0
183,2
183,4
184,0
184,2
184,3
184,5
184,7
185,0
185,2
185,3
185,5
185,6
186,1
186,3
187,0
187,2
187,3
187,5
188,1
188,2
188,4
188,5
189,1
189,2
190,0
190,2
190,3
191,0
191,1
191,3
192,0
192,1
192,3
192,4
193,1
193,2
193,4
194,1
194,2
194,4
195,0
195,2
195,4
196,0
196,2
196,3
196,5
197,1
197,2
197,4
197,5
197,7
198,0
198,2
198,4
199,0
199,2
199,3
200,1
200,3
200,4
201,1
201,2
201,4
201,5
202,1
202,3
202,4
202,6
203,0
203,2
203,4
204,0
204,2
204,3
205,0
205,1
205,3
205,5
205,6
206,1
206,2
206,4
207,0
207,1
207,3
207,4
208,0
208,2
208,3
208,5
208,6
209,1
209,2
209,4
210,0
210,1
210,3
210,4
210,6
211,1
211,2
211,4
212,0
212,2
212,3
212,5
213,0
213,1
213,3
213,4
214,0
214,2
214,3
214,5
214,6
215,1
215,2
215,4
216,0
216,1
216,3
216,4
217,0
217,2
217,3
217,5
217,6
217,8
217,9
218,1
218,3
218,4
219,1
219,2
219,4
220,0
220,1
220,3
220,4
221,1
221,3
221,4
222,0
222,1
222,3
222,4
223,1
223,3
223,4
223,6
223,7
224,0
224,2
224,3
225,1
225,2
225,4
226,0
226,2
226,4
226,5
226,7
227,0
227,2
227,4
228,0
228,2
228,3
228,5
228,6
229,1
229,3
229,4
230,0
230,1
230,3
231,0
231,1
231,3
231,4
232,1
232,3
232,4
233,1
233,2
233,4
233,5
234,0
234,2
234,3
235,0
235,1
235,3
236,0
236,1
236,3
236,4
237,1
237,2
237,4
238,1
238,2
238,4
239,0
239,2
239,4
240,0
240,2
240,3
241,0
241,1
241,3
242,0
242,1
242,3
242,4
243,1
243,3
243,4
244,1
244,2
244,4
245,1
245,2
245,4
246,0
246,2
246,3
247,0
247,2
247,3
247,5
248,0
248,2
248,4
249,0
249,2
249,3
249,5
250,0
250,2
250,4
251,0
251,2
251,3
252,0
252,2
252,3
253,0
253,1
253,3
253,4
254,0
254,2
254,3
254,5
254,6
254,8
255,1
255,2
255,4
255,5
255,7
256,0
256,2
256,4
256,5
256,7
257,0
257,2
257,4
257,5
258,1
258,2
258,4
258,6
259,0
259,2
259,3
259,5
259,6
260,1
260,3
260,4
261,1
261,2
261,4
261,6
261,7
262,1
262,2
262,4
262,5
263,1
263,3
264,0
264,2
264,3
265,0
265,2
265,3
266,0
266,1
266,3
266,4
266,6
267,0
267,1
267,3
267,4
267,6
268,0
268,1
268,3
268,4
268,6
268,7
268,5
268,2
267,7
267,5
267,2
266,7
266,5
266,2
265,4
265,1
264,4
264,1
263,2
263,0
262,3
262,0
261,5
261,3
261,0
260,2
260,0
259,4
259,1
258,5
258,3
258,0
257,3
257,1
256,6
256,3
256,1
255,6
255,3
255,0
254,7
254,4
254,1
253,5
253,2
252,4
252,1
251,4
251,1
250,3
250,1
249,4
249,1
248,3
248,1
247,4
247,1
246,4
246,1
245,3
245,0
244,3
244,0
243,2
243,0
242,2
241,4
241,2
240,4
240,1
239,3
239,1
238,3
238,0
237,3
237,0
236,2
235,4
235,2
234,4
234,1
233,6
233,3
233,0
232,2
232,0
231,2
230,4
230,2
229,5
229,2
229,0
228,4
228,1
227,3
227,1
226,6
226,3
226,1
225,3
225,0
224,1
223,8
223,5
223,2
223,0
222,2
221,5
221,2
221,0
220,2
219,5
219,3
219,0
218,2
218,0
217,7
217,4
217,1
216,5
216,2
215,5
215,3
215,0
214,4
214,1
213,5
213,2
212,6
212,4
212,1
211,3
211,0
210,5
210,2
209,5
209,3
209,0
208,4
208,1
207,5
207,2
206,5
206,3
206,0
205,4
205,2
204,4
204,1
203,3
203,1
202,5
202,2
202,0
201,3
201,0
200,2
200,0
199,1
198,3
198,1
197,6
197,3
197,0
196,4
196,1
195,3
195,1
194,3
194,0
193,3
193,0
192,2
191,4
191,2
190,4
190,1
189,3
189,0
188,3
188,0
187,4
187,1
186,2
186,0
185,4
185,1
184,6
184,4
184,1
183,3
183,1
182,3
182,0
181,3
181,1
180,3
180,0
179,4
179,1
178,3
178,1
177,4
177,1
176,4
176,2
175,4
175,1
174,6
174,3
174,0
173,2
173,0
172,4
172,1
171,6
171,3
171,0
170,4
170,2
169,4
169,1
168,5
168,2
167,4
167,2
166,7
166,4
166,1
165,6
165,3
165,0
164,6
164,3
164,0
163,2
163,0
162,4
162,1
161,6
161,3
161,0
160,2
160,0
159,4
159,1
158,7
158,4
158,1
157,2
157,0
156,3
156,0
155,6
155,3
155,0
154,4
154,1
153,2
152,6
152,4
152,1
151,4
151,2
150,7
150,4
150,1
149,3
149,0
148,1
147,6
147,3
147,0
146,2
146,0
145,3
145,0
144,7
144,4
144,1
143,5
143,2
142,4
142,1
141,8
141,5
141,2
141,0
140,2
139,5
139,2
139,0
138,4
138,1
137,6
137,3
137,0
136,2
136,0
135,2
134,3
134,1
133,2
132,3
132,1
131,4
131,1
130,4
130,2
129,10
129,7
129,5
129,2
128,3
128,0
127,3
127,0
126,3
126,1
125,4
125,1
124,4
124,2
123,5
123,2
123,0
122,1
121,4
121,1
120,5
120,2
119,4
119,2
118,5
118,2
118,0
117,4
117,1
116,3
116,1
115,4
115,1
114,6
114,3
114,0
113,3
113,1
112,4
112,1
111,7
111,4
111,1
110,3
110,1
109,6
109,3
109,1
108,4
108,1
107,3
107,0
106,4
106,1
105,4
105,1
104,11
104,9
104,6
104,3
104,0
103,10
103,7
103,4
103,2
102,9
102,6
102,3
102,1
101,8
101,5
101,3
101,0
100,7
100,4
100,2
99,11
99,8
99,6
99,3
99,0
98,4
98,1
97,5
97,2
97,0
96,5
96,2
96,0
95,3
95,0
94,2
94,0
93,2
92,4
92,2
91,4
91,1
90,3
90,1
89,3
89,0
88,2
87,3
87,0
86,3
86,0
85,2
84,4
84,2
83,4
83,1
82,3
82,0
81,2
80,3
80,1
79,2
78,4
78,2
77,6
77,3
77,0
76,6
76,3
76,0
75,3
75,0
74,2
73,4
73,2
72,9
72,6
72,4
72,1
71,6
71,4
71,1
70,3
70,0
69,2
68,3
68,0
67,4
67,1
66,5
66,2
66,0
65,14
65,11
65,9
65,6
65,3
65,0
64,9
64,6
64,3
64,1
63,5
63,2
63,0
62,4
62,1
61,5
61,3
61,0
60,4
60,2
59,6
59,3
59,0
58,2
57,6
57,3
57,1
56,4
56,1
55,7
55,5
55,2
54,7
54,5
54,2
53,7
53,5
53,2
52,7
52,4
52,2
51,6
51,3
51,1
50,5
50,2
49,6
49,4
49,1
48,7
48,5
48,2
47,4
47,1
46,4
46,1
45,5
45,3
45,0
44,3
44,0
43,17
43,14
43,11
43,9
43,6
43,3
43,1
42,7
42,4
42,1
41,4
41,1
40,3
40,1
39,5
39,2
38,6
38,4
38,1
37,5
37,3
37,0
36,3
36,0
35,5
35,2
34,5
34,3
34,0
33,3
33,1
32,6
32,3
32,0
31,5
31,2
30,7
30,5
30,2
29,6
29,3
29,1
28,3
28,0
27,2
26,8
26,5
26,2
26,0
25,2
24,15
24,13
24,10
24,7
24,4
24,2
23,5
23,2
23,0
22,3
22,0
21,4
21,1
20,3
20,0
19,3
19,0
18,3
18,1
17,8
17,5
17,2
17,0
16,5
16,2
16,0
15,3
15,0
14,5
14,3
14,0
13,6
13,4
13,1
12,3
12,1
11,5
11,2
10,4
10,2
9,7
9,4
9,2
8,6
8,3
8,0
7,8
7,5
7,2
7,0
6,2
5,7
5,4
5,2
4,3
4,0
3,5
3,2
2,87
0,412
0,272
0,410
0,271
0,409
0,270
0,408
0,269
0,407
0,268
0,406
0,267
0,405
0,266
0,404
0,265
0,403
0,264
0,402
0,263
0,401
0,262
0,400
0,261
0,399
0,260
0,473
0,259
0,397
0,258
0,396
0,257
0,394
0,256
0,393
0,255
0,392
0,254
0,391
0,253
0,465
0,252
0,389
0,251
0,388
0,250
0,387
0,249
0,386
0,248
0,385
0,247
0,384
0,246
0,383
0,245
0,382
0,244
0,381
0,242
0,380
0,241
0,464
0,240
0,378
0,239
0,377
0,238
0,376
0,237
0,375
0,236
0,475
0,235
0,373
0,234
0,372
0,233
0,472
0,232
0,370
0,231
0,369
0,230
0,368
0,229
0,367
0,228
0,366
0,227
0,365
0,226
0,364
0,225
0,363
0,224
0,362
0,223
0,361
0,222
0,360
0,221
0,359
0,220
0,356
0,219
0,355
0,218
0,354
0,217
0,353
0,216
0,352
0,215
0,351
0,214
0,350
0,213
0,466
0,212
0,348
0,211
0,347
0,210
0,346
0,209
0,345
0,208
0,344
0,207
0,343
0,206
0,342
0,205
0,341
0,204
0,340
0,203
0,339
0,202
0,338
0,201
0,337
0,200
0,336
0,199
0,335
0,198
0,334
0,197
0,333
0,196
0,332
0,195
0,331
0,194
0,330
0,193
0,329
0,192
0,328
0,63
0,327
0,62
0,326
0,61
0,325
0,60
0,324
0,59
0,323
0,58
0,321
0,57
0,320
0,56
0,319
0,55
0,469
0,54
0,317
0,53
0,316
0,52
0,315
0,51
0,314
0,50
0,313
0,49
